adaptive_window vs dft   (95% paired bootstrap CI)
 Eb/No       BLER dft BLER adaptive_window       delta                   95% CI   sig
   0.0     5.8788e-01       5.5600e-01   -3.19e-02   [-3.60e-02, -2.79e-02]   yes
   2.0     4.6225e-01       4.3300e-01   -2.92e-02   [-3.25e-02, -2.60e-02]   yes
   4.0     3.3800e-01       3.0775e-01   -3.02e-02   [-3.44e-02, -2.66e-02]   yes
   6.0     2.2600e-01       2.0700e-01   -1.90e-02   [-2.20e-02, -1.60e-02]   yes
   8.0     1.2700e-01       1.1225e-01   -1.48e-02   [-1.74e-02, -1.21e-02]   yes
  10.0     6.7125e-02       5.8875e-02   -8.25e-03   [-1.05e-02, -6.13e-03]   yes
  12.0     2.7875e-02       2.4500e-02   -3.38e-03   [-4.87e-03, -2.00e-03]   yes
  14.0     1.2750e-02       1.1875e-02   -8.75e-04   [-1.63e-03, -2.50e-04]   yes
  16.0     4.5000e-03       4.3750e-03   -1.25e-04   [-3.75e-04, +0.00e+00]    no
  18.0     6.2500e-04       6.2500e-04   +0.00e+00   [+0.00e+00, +0.00e+00]    no
  20.0     3.7500e-04       3.7500e-04   +0.00e+00   [+0.00e+00, +0.00e+00]    no

NMSE (dB) and error-variance calibration, for context:
 Eb/No   nmse dft nmse adapti    cal ref    cal new
   0.0     -11.01     -13.75       0.28       0.52
   2.0     -13.02     -15.39       0.28       0.48
   4.0     -14.99     -16.98       0.28       0.45
   6.0     -16.96     -18.64       0.28       0.44
   8.0     -18.95     -20.31       0.29       0.42
  10.0     -20.94     -21.98       0.30       0.42
  12.0     -22.84     -23.60       0.32       0.42
  14.0     -24.82     -25.36       0.36       0.45
  16.0     -26.64     -26.90       0.43       0.49
  18.0     -28.53     -28.65       0.55       0.58
  20.0     -30.26     -30.29       0.76       0.77
