adaptive_window vs dft   (95% paired bootstrap CI)
 Eb/No       BLER dft BLER adaptive_window       delta                   95% CI   sig
   0.0     5.4275e-01       3.9975e-01   -1.43e-01   [-1.51e-01, -1.36e-01]   yes
   2.0     4.1563e-01       2.7813e-01   -1.38e-01   [-1.45e-01, -1.31e-01]   yes
   4.0     3.0550e-01       1.7500e-01   -1.30e-01   [-1.39e-01, -1.22e-01]   yes
   6.0     1.9937e-01       1.0662e-01   -9.28e-02   [-9.94e-02, -8.63e-02]   yes
   8.0     1.1475e-01       5.1875e-02   -6.29e-02   [-6.89e-02, -5.67e-02]   yes
  10.0     5.7500e-02       2.4000e-02   -3.35e-02   [-3.79e-02, -2.94e-02]   yes
  12.0     2.5125e-02       9.2500e-03   -1.59e-02   [-1.88e-02, -1.31e-02]   yes
  14.0     1.3875e-02       5.1250e-03   -8.75e-03   [-1.10e-02, -6.62e-03]   yes
  16.0     4.5000e-03       1.5000e-03   -3.00e-03   [-4.25e-03, -1.87e-03]   yes
  18.0     1.2500e-03       3.7500e-04   -8.75e-04   [-1.50e-03, -2.50e-04]   yes
  20.0     5.0000e-04       2.5000e-04   -2.50e-04   [-6.25e-04, +0.00e+00]    no

NMSE (dB) and error-variance calibration, for context:
 Eb/No   nmse dft nmse adapti    cal ref    cal new
   0.0      -8.25     -19.58       0.35       2.06
   2.0     -10.25     -21.49       0.35       2.03
   4.0     -12.24     -23.35       0.35       1.98
   6.0     -14.23     -25.11       0.35       1.90
   8.0     -16.24     -26.87       0.35       1.85
  10.0     -18.26     -28.45       0.35       1.72
  12.0     -20.24     -29.97       0.35       1.58
  14.0     -22.25     -31.51       0.35       1.42
  16.0     -24.19     -33.01       0.35       1.23
  18.0     -26.28     -34.85       0.35       1.10
  20.0     -28.27     -36.73       0.35       1.04
