113:        min_taps: int = 1,
estimators_inf_narrowband.json  N=128 CP=20 D=4 eps=0.05
 EbNo   oracle  fixedDFT  adaptive    gain   taps  errcal_a  errcal_d
    0   -19.82     -8.33    -19.82  +11.48    1.0     2.184     0.352
    4   -23.45    -12.04    -23.45  +11.41    1.0     2.077     0.353
    8   -27.58    -16.42    -27.58  +11.16    1.0     1.991     0.355
   12   -30.59    -20.21    -30.81  +10.59    1.1     1.835     0.353
   16   -33.48    -24.11    -34.07   +9.96    1.2     1.558     0.354
   20   -36.58    -27.96    -36.74   +8.78    1.6     1.256     0.353

estimators_inf_s.json  N=512 CP=20 D=4 eps=0.05
 EbNo   oracle  fixedDFT  adaptive    gain   taps  errcal_a  errcal_d
    0   -14.13    -10.96    -14.22   +3.26    7.4     0.551     0.277
    4   -17.28    -14.90    -17.36   +2.46    9.1     0.491     0.277
    8   -20.75    -18.97    -20.80   +1.83   10.6     0.452     0.284
   12   -23.82    -22.76    -23.87   +1.11   13.1     0.447     0.303
   16   -27.30    -26.67    -27.37   +0.70   14.9     0.492     0.374
   20   -30.62    -30.27    -30.66   +0.38   16.9     0.686     0.589

estimators_umi.json  N=128 CP=20 D=4 eps=0.05
 EbNo   oracle  fixedDFT  adaptive    gain   taps  errcal_a  errcal_d
    0    -9.15     -7.28     -9.23   +1.95    5.2     0.550     0.331
    4   -11.43    -10.27    -11.20   +0.92    5.4     0.684     0.407
    8   -12.43    -12.21    -11.92   -0.30    6.7     0.845     0.665
   12   -13.58    -13.54    -12.93   -0.61    7.2     0.981     0.892
   16   -14.11    -14.11    -13.18   -0.93    7.0     1.054     1.043
   20   -14.49    -14.49    -13.41   -1.08    6.8     1.073     1.108


[exited with code 0]
